version https://git-lfs.github.com/spec/v1
oid sha256:e28f513725da749fc87e9fe984394c2377f19e69f4da90929c3d5b3bcd8859e3
size 12253
