version https://git-lfs.github.com/spec/v1
oid sha256:7f5fd59ff941726b65d7ab50c1334ef7c026411d3da4705c0eed4b4d558b8e7c
size 609970
